,acc_overall
0,89.73
