,acc_overall
0,38.95
