,acc_overall
0,0.2657
