,acc_overall
0,0.1003
