,acc_overall
0,95.8
