,acc_overall
0,0.8652
