,acc_overall
0,0.7381
