,acc_overall
0,0.5332
