,acc_overall
0,33.66
