,acc_overall
0,0.9658
