,acc_overall
0,27.03
