,acc_overall
0,85.59
