,acc_overall
0,34.55
