,acc_overall
0,0.6529
